<svg viewBox="0 0 500 200" xmlns="http://www.w3.org/2000/svg">
  <path d="M 181.7 21.4 L 175.4 21.4 Q 174.6 21.2 174.4 20.9 A 18.7 18.7 0 0 0 169.3 12.2 Q 165.9 9.0 160.7 7.7"
        stroke="black" fill="transparent" stroke-width="4"
        stroke-dasharray="200" stroke-dashoffset="200">
    <animate attributeName="stroke-dashoffset" from="200" to="0" dur="2s" fill="freeze"/>
  </path>
  <path d="M 181.7 21.4 L 175.4 21.4 Q 174.6 21.2 174.4 20.9 A 18.7 18.7 0 0 0 169.3 12.2 Q 165.9 9.0 160.7 7.7 A 32.0 32.0 0 0 0 153.2 6.9 A 22.1 22.1 0 0 0 143.0 9.3 A 22.7 22.7 0 0 0 136.4 14.4 A 23.6 23.6 0 0 0 131.7 22.8" 
        stroke="black" fill="transparent" stroke-width="4"
        stroke-dasharray="200" stroke-dashoffset="200">
    <animate attributeName="stroke-dashoffset" from="200" to="0" dur="2s" fill="freeze" begin="0.2s"/>
  </path>
  <path d="M 181.7 21.4 L 175.4 21.4 Q 174.6 21.2 174.4 20.9 A 18.7 18.7 0 0 0 169.3 12.2 Q 165.9 9.0 160.7 7.7 A 32.0 32.0 0 0 0 153.2 6.9 A 22.1 22.1 0 0 0 143.0 9.3 A 22.7 22.7 0 0 0 136.4 14.4 A 23.6 23.6 0 0 0 131.7 22.8 Q 130.5 26.4 130.0 30.8 A 54.4 54.4 0 0 0 129.7 36.4 A 51.1 51.1 0 0 0 130.4 44.7 Q 131.8 53.2 136.4 58.4 A 22.3 22.3 0 0 0 143.4 63.9" 
        stroke="black" fill="transparent" stroke-width="4"
        stroke-dasharray="200" stroke-dashoffset="200">
    <animate attributeName="stroke-dashoffset" from="200" to="0" dur="2s" fill="freeze" begin="0.4s"/>
  </path>
  <path d="M 181.7 21.4 L 175.4 21.4 A 1.1 1.1 0 0 1 174.9 21.3 Q 174.6 21.2 174.4 20.9 A 1.8 1.8 0 0 1 174.3 20.5 A 18.7 18.7 0 0 0 169.3 12.2 Q 165.9 9.0 160.7 7.7 A 32.0 32.0 0 0 0 153.2 6.9 A 22.1 22.1 0 0 0 143.0 9.3 A 22.7 22.7 0 0 0 136.4 14.4 A 23.6 23.6 0 0 0 131.7 22.8 Q 130.5 26.4 130.0 30.8 A 54.4 54.4 0 0 0 129.7 36.4 A 51.1 51.1 0 0 0 130.4 44.7 Q 131.8 53.2 136.4 58.4 A 22.3 22.3 0 0 0 143.4 63.9 A 21.0 21.0 0 0 0 152.7 65.9 A 24.5 24.5 0 0 0 160.3 64.8 A 20.3 20.3 0 0 0 168.6 59.7 A 21.0 21.0 0 0 0 174.5 47.1" 
        stroke="black" fill="transparent" stroke-width="4"
        stroke-dasharray="200" stroke-dashoffset="200">
    <animate attributeName="stroke-dashoffset" from="200" to="0" dur="2s" fill="freeze" begin="0.6s"/>
  </path>
  <path d="M 181.787 21.485 L 175.488 21.485 A 1.187 1.187 0 0 1 174.948 21.367 Q 174.673 21.229 174.495 20.928 A 1.886 1.886 0 0 1 174.317 20.509 A 18.713 18.713 0 0 0 169.389 12.267 Q 165.994 9.057 160.777 7.797 A 32.008 32.008 0 0 0 153.272 6.983 A 22.168 22.168 0 0 0 143.014 9.339 A 22.704 22.704 0 0 0 136.499 14.429 A 23.63 23.63 0 0 0 131.708 22.887 Q 130.506 26.482 130.056 30.872 A 54.444 54.444 0 0 0 129.785 36.427 A 51.136 51.136 0 0 0 130.415 44.735 Q 131.827 53.29 136.402 58.472 A 22.394 22.394 0 0 0 143.406 63.914 A 21.02 21.02 0 0 0 152.71 65.968 A 24.544 24.544 0 0 0 160.395 64.814 A 20.357 20.357 0 0 0 168.604 59.718 A 21.09 21.09 0 0 0 174.587 47.111 A 28.942 28.942 0 0 0 174.805 43.507 L 174.805 42.481 L 154.395 42.481 Q 153.62 42.481 153.46 41.866 A 1.439 1.439 0 0 1 153.418 41.505 L 153.418 36.475 Q 153.418 35.7 154.033 35.54 A 1.439 1.439 0 0 1 154.395 35.499 L 182.813 35.499 Q 183.588 35.499 183.748 36.114 A 1.439 1.439 0 0 1 183.789 36.475 L 183.789 70.509 Q 183.789 71.283 183.174 71.443 A 1.439 1.439 0 0 1 182.813 71.485 L 177.295 71.485 A 1.148 1.148 0 0 1 176.894 71.42 Q 176.401 71.237 176.322 70.537 A 2.159 2.159 0 0 1 176.318 70.509 L 175.293 61.475"
        stroke="black" fill="transparent" stroke-width="4"
        stroke-dasharray="200" stroke-dashoffset="200">
    <animate attributeName="stroke-dashoffset" from="200" to="0" dur="2s" fill="freeze" begin="0.8s"/>
  </path>
</svg>
